		      D1Euclidean Distance				D2Manhattan Distance
K=	2	0.8945662287151874	+-	0.155945660540241	    	0.8987114709735812	+-	0.1381295633854417	    	
K=	3	0.9022851978086	+-	0.12703637234669238	    	0.9015225727133813	+-	0.11488900942574017	    	
K=	5	0.9103025267978071	+-	0.09004712826468375	    	0.9059998406041794	+-	0.09552442657688892	    	
model chosen		              K=	5		              D=	1	
